timestamp,strategy,model_id,request_rate,burstiness,benchmark_duration_s,completed,total_input_tokens,total_output_tokens,request_throughput_req_per_s,request_goodput,output_throughput_tok_per_s,total_token_throughput_tok_per_s,increase_block_threshold,decrease_block_threshold,mean_ttft_ms,median_ttft_ms,std_ttft_ms,p99_ttft_ms,mean_tpot_ms,median_tpot_ms,std_tpot_ms,p99_tpot_ms,mean_itl_ms,median_itl_ms,std_itl_ms,p99_itl_ms,mean_e2el_ms,median_e2el_ms,std_e2el_ms,p99_e2el_ms
2026-02-16 21:23:10,deep-1,/root/autodl-tmp/DeepSeek-R1-Distill-Qwen-7B,5.0,1.0,61.68,200,46070,91789,3.24,,1488.23,2235.18,150,100,79.90,64.12,54.48,345.01,17.28,16.65,4.41,28.96,57.66,50.86,30.63,190.84,7685.61,1842.47,9789.03,28477.31
2026-02-16 21:25:34,deep-2,/root/autodl-tmp/DeepSeek-R1-Distill-Qwen-7B,5.0,1.0,58.53,200,46070,91883,3.42,,1569.76,2356.83,150,100,83.22,73.58,52.07,272.20,15.91,15.46,4.71,32.67,65.36,58.00,32.92,234.78,6835.62,1717.23,8675.69,25813.75
2026-02-16 21:28:00,deep-3,/root/autodl-tmp/DeepSeek-R1-Distill-Qwen-7B,5.0,1.0,60.89,200,46070,91812,3.28,,1507.81,2264.41,150,100,86.39,78.99,41.84,214.95,17.07,16.39,5.31,32.12,79.28,73.11,37.42,257.40,7129.90,1769.21,9046.23,27096.32
2026-02-16 21:30:25,deep-4,/root/autodl-tmp/DeepSeek-R1-Distill-Qwen-7B,5.0,1.0,59.34,200,46070,91805,3.37,,1546.99,2323.31,150,100,91.07,83.88,42.97,232.03,17.18,16.04,5.82,33.69,85.63,76.88,37.71,271.90,6875.72,1955.81,8583.40,27177.26
2026-02-16 21:32:58,deep-5,/root/autodl-tmp/DeepSeek-R1-Distill-Qwen-7B,5.0,1.0,65.20,200,46070,91821,3.07,,1408.28,2114.86,150,100,94.18,90.05,39.26,227.30,18.88,17.40,6.66,41.18,100.71,91.62,39.50,282.60,7711.65,2084.98,9737.36,29761.42
2026-02-16 21:35:25,nospec,/root/autodl-tmp/DeepSeek-R1-Distill-Qwen-7B,5.0,1.0,61.02,200,46070,91859,3.28,,1505.51,2260.57,150,100,61.56,46.55,39.52,158.16,15.50,15.49,3.02,24.04,31.12,27.14,20.43,118.70,7199.31,1666.84,9275.46,26377.19
2026-02-16 21:40:56,deep-1,/root/autodl-tmp/DeepSeek-R1-Distill-Qwen-7B,10.0,1.0,60.45,200,46070,91810,3.31,,1518.69,2280.76,150,100,692.01,76.08,3424.20,20059.69,25.80,23.95,11.97,59.92,80.88,65.67,263.27,361.10,11412.57,3043.87,13656.11,40662.47
2026-02-16 21:43:16,deep-2,/root/autodl-tmp/DeepSeek-R1-Distill-Qwen-7B,10.0,1.0,54.41,200,46070,91854,3.68,,1688.08,2534.75,150,100,639.73,80.69,2821.01,15852.43,23.83,20.97,14.58,53.44,92.44,78.08,254.83,429.09,10211.21,2825.54,12074.25,35703.78
2026-02-16 21:45:34,deep-3,/root/autodl-tmp/DeepSeek-R1-Distill-Qwen-7B,10.0,1.0,53.01,200,46070,91827,3.77,,1732.11,2601.12,150,100,764.25,89.01,2758.43,12403.20,22.11,20.38,8.39,50.59,100.61,87.27,154.26,418.25,9568.58,2785.20,11211.82,35562.85
2026-02-16 21:48:00,deep-4,/root/autodl-tmp/DeepSeek-R1-Distill-Qwen-7B,10.0,1.0,59.15,200,46070,91817,3.38,,1552.36,2331.28,150,100,381.94,93.76,2215.86,18317.56,27.26,23.92,13.35,67.17,123.79,98.19,323.20,451.80,10881.46,2945.54,12949.23,39594.51
2026-02-16 21:50:23,deep-5,/root/autodl-tmp/DeepSeek-R1-Distill-Qwen-7B,10.0,1.0,57.05,200,46070,91858,3.51,,1610.23,2417.81,150,100,407.41,105.32,2240.87,18371.90,30.82,24.46,31.79,76.87,138.53,112.63,393.71,476.35,10930.27,3037.98,12705.25,37799.55
2026-02-16 21:52:35,nospec,/root/autodl-tmp/DeepSeek-R1-Distill-Qwen-7B,10.0,1.0,45.90,200,46070,91812,4.36,,2000.34,3004.08,150,100,64.83,48.80,37.69,176.46,19.60,19.23,4.74,32.23,37.14,32.41,29.62,143.37,8582.23,2245.75,10755.82,33546.38
2026-02-16 21:54:57,deep-1,/root/autodl-tmp/DeepSeek-R1-Distill-Qwen-7B,15.0,1.0,55.03,200,46070,91850,3.63,,1669.10,2506.29,150,100,118.63,98.73,73.95,367.08,33.45,31.83,13.01,73.22,87.83,63.23,361.90,424.51,11803.85,4131.51,13473.91,40289.61
2026-02-16 21:57:17,deep-2,/root/autodl-tmp/DeepSeek-R1-Distill-Qwen-7B,15.0,1.0,53.64,200,46070,91863,3.73,,1712.62,2571.51,150,100,109.16,90.94,66.52,307.19,31.64,26.36,14.69,75.27,107.08,81.63,411.94,474.02,11128.72,3697.61,12778.83,38338.73
2026-02-16 21:59:33,deep-3,/root/autodl-tmp/DeepSeek-R1-Distill-Qwen-7B,15.0,1.0,51.31,200,46070,91795,3.90,,1789.13,2687.06,150,100,120.69,105.38,84.97,471.95,34.19,27.99,17.37,82.54,123.19,85.62,392.96,587.05,11106.66,4184.30,12355.08,37450.21
2026-02-16 22:01:52,deep-4,/root/autodl-tmp/DeepSeek-R1-Distill-Qwen-7B,15.0,1.0,52.08,200,46070,91825,3.84,,1763.29,2647.97,150,100,132.75,109.67,99.90,521.80,33.89,27.78,17.62,96.12,136.47,101.52,451.67,448.35,11468.51,4028.56,13049.22,38859.86
2026-02-16 22:04:10,deep-5,/root/autodl-tmp/DeepSeek-R1-Distill-Qwen-7B,15.0,1.0,51.04,200,46070,91869,3.92,,1799.93,2702.55,150,100,145.12,116.38,99.31,458.94,38.31,34.12,18.89,97.12,153.90,112.33,461.23,614.52,11822.82,4526.19,12963.40,37810.48
2026-02-16 22:06:17,nospec,/root/autodl-tmp/DeepSeek-R1-Distill-Qwen-7B,15.0,1.0,40.22,200,46070,91754,4.97,,2281.23,3426.64,150,100,72.12,54.41,43.38,193.64,23.42,21.81,7.10,43.90,38.93,33.20,35.35,240.90,9000.55,2984.89,10783.72,34152.75
2026-02-16 22:08:34,deep-1,/root/autodl-tmp/DeepSeek-R1-Distill-Qwen-7B,20.0,1.0,51.93,200,46070,91827,3.85,,1768.30,2655.46,150,100,129.89,105.58,92.33,445.31,43.54,38.68,22.72,116.51,92.00,63.93,378.11,551.42,12336.88,4970.47,13103.07,40259.40
2026-02-16 22:10:49,deep-2,/root/autodl-tmp/DeepSeek-R1-Distill-Qwen-7B,20.0,1.0,49.20,200,46070,91852,4.06,,1866.82,2803.16,150,100,178.45,120.20,154.21,612.77,42.64,37.80,23.73,110.30,112.12,75.84,394.83,528.99,11626.70,5181.81,12068.44,38247.83
2026-02-16 22:13:00,deep-3,/root/autodl-tmp/DeepSeek-R1-Distill-Qwen-7B,20.0,1.0,47.82,200,46070,91845,4.18,,1920.63,2884.03,150,100,143.90,108.86,92.99,438.26,43.24,37.69,25.36,118.45,128.73,88.41,405.70,1100.79,11512.54,5201.70,11848.53,37137.19
2026-02-16 22:15:20,deep-4,/root/autodl-tmp/DeepSeek-R1-Distill-Qwen-7B,20.0,1.0,52.44,200,46070,91832,3.81,,1751.02,2629.47,150,100,150.79,114.14,109.47,524.22,45.76,38.42,25.99,117.34,149.25,101.97,442.31,998.52,12285.93,5691.41,12636.31,40144.84
